0.000000137
0.000000000
0.000000137
0.000000000
0.000000000
0.000000000
0.000000137
0.000000000
0.000000000
0.000000274
0.000000137
0.000000137
0.000000274
0.000000000
0.000000137
0.000000137
0.000000137
0.000000274
0.000000000
0.000000412
0.000000000
0.000000000
0.000000274
0.000000274
0.000000137
0.000000137
0.000000137
0.000000137
0.000000549
0.000000137
0.000000412
0.000002195
0.000001372
0.000001509
0.000001235
0.000000823
0.000001235
0.000002058
0.000001235
0.000000412
0.000002881
0.000001783
0.000003155
0.000003292
0.000002469
0.000004801
0.000002881
0.000003704
0.000003704
0.000002469
0.000007270
0.000008093
0.000007956
0.000010014
0.000014541
0.000017558
0.000020028
0.000024554
0.000043485
0.000033882
0.000093965
0.000110015
0.000109741
0.000130180
0.000175448
0.000220990
0.000254735
0.000299729
0.000464203
0.000636084
0.000645275
0.000811806
0.001062700
0.001018118
0.001074223
0.001291921
0.001206049
0.001221550
0.001183141
0.001450633
0.001013180
0.000927308
0.001126624
0.000972713
0.000947198
0.000867362
0.000826072
0.000733067
0.000581899
0.000701517
0.000604259
0.000747471
0.000606728
0.000611529
0.000501377
0.000439237
0.000483544
0.000438688
0.000475725
0.000450348
0.000434710
0.000393969
0.000309194
0.000298357
0.000309057
0.000322637
0.000312486
0.000263240
0.000227575
0.000157066
0.000200962
0.000180935
0.000201923
0.000162416
0.000152814
0.000103019
0.000076133
0.000095337
0.000116737
0.000102882
0.000101373
0.000098355
0.000090399
0.000061318
0.000067490
0.000041153
0.000040330
0.000041016
0.000052127
0.000047188
0.000049109
0.000123733
0.000084912
0.000081071
0.000071880
0.000082991
0.000055419
0.000049795
0.000083677
0.000085460
0.000066942
0.000068039
0.000083677
0.000052813
0.000046640
0.000076407
0.000082031
0.000056928
0.000072977
0.000073389
0.000048697
0.000037998
0.000015887
0.000016144
0.000016511
0.000013796
0.000017539
0.000010017
0.000008806
0.000014897
0.000013392
0.000012328
0.000010861
0.000013759
0.000007412
0.000007962
0.000013392
0.000012622
0.000011925
0.000011961
0.000011264
0.000010934
0.000009393
0.000012732
0.000014163
0.000015337
0.000013796
0.000015741
0.000012952
0.000010164
0.000015961
0.000017098
0.000020621
0.000016071
0.000020400
0.000017355
0.000017025
0.000026418
0.000030124
0.000033353
0.000034233
0.000043149
0.000032986
0.000032032
0.000052212
0.000058927
0.000068650
0.000063476
0.000076832
0.000067879
0.000058046
0.000086775
0.000087656
0.000088977
0.000083363
0.000093637
0.000076979
0.000070558
0.000111395
0.000116826
0.000120789
0.000118000
0.000136382
0.000132970
0.000103323
0.000154618
0.000172377
0.000169258
0.000168157
0.000197107
0.000158177
0.000149224
0.000225029
0.000244329
0.000239522
0.000231854
0.000263262
0.000211306
0.000186540
0.000264326
0.000317455
0.000307438
0.000309126
0.000350991
0.000247521
0.000222681
0.000305787
0.000381115
0.000357926
0.000345414
0.000398727
0.000273755
0.000240696
0.000314043
0.000420962
0.000383793
0.000379647
0.000420118
0.000324757
0.000277094
0.000353670
0.000426392
0.000434905
0.000424044
0.000446059
0.000350808
0.000303769
0.000397406
0.000459415
0.000444775
0.000425879
0.000522891
0.000320207
0.000274709
0.000369300
0.000458754
0.000429034
0.000410028
0.000432300
0.000289129
0.000233908
0.000336315
0.000393957
0.000367943
0.000391022
0.000405441
0.000297825
0.000274122
0.000410872
0.000467303
0.000453140
0.000462313
0.000493318
0.000401699
0.000330150
0.000402249
0.000524285
0.000595247
0.000600860
0.000642615
0.000525239
0.000478714
0.000762670
0.000826440
0.000810222
0.000776283
0.000815726
0.000635938
0.000565416
0.000825192
0.000848161
0.000815506
0.000758707
0.000794555
0.000619390
0.000591357
0.000710385
0.000790299
0.000755002
0.000725575
0.000719814
0.000571104
0.000463194
0.000633883
0.000653843
0.000608456
0.000549823
0.000549859
0.000426539
0.000338589
0.000486420
0.000488217
0.000439675
0.000368603
0.000384747
0.000296394
0.000231707
0.000335948
0.000333966
0.000307622
0.000282121
0.000311768
0.000233505
0.000187530
0.000278195
0.000317639
0.000289129
0.000256987
0.000268802
0.000213361
0.000181807
0.000253282
0.000240293
0.000322885
0.000349413
0.000371208
0.000307035
0.000248695
0.000387463
0.000409331
0.000386178
0.000356385
0.000398764
0.000317272
0.000275774
0.000405588
0.000426135
0.000437400
0.000388306
0.000305824
0.000380198
0.000391425
0.000610767
0.000595724
0.000615244
0.000551364
0.000509205
0.000596091
0.000594183
0.000931561
0.001089628
0.000738967
0.001019217
0.001239110
0.000997789
0.000904043
0.001323170
0.001352817
0.001311429
0.001284901
0.001454782
0.001141033
0.000951228
0.001439152
0.001451187
0.001395782
0.001257529
0.001362393
0.001033600
0.000829742
0.001197024
0.001167671
0.001085445
0.000968987
0.000947962
0.000713136
0.000467296
0.000707712
0.000675773
0.000584112
0.000513873
0.000517898
0.000367326
0.000271445
0.000407119
0.000387288
0.000344119
0.000300106
0.000313673
0.000224771
0.000186211
0.000273328
0.000264110
0.000232139
0.000213054
0.000214871
0.000172157
0.000140380
0.000210230
0.000205101
0.000179979
0.000166184
0.000180401
0.000135122
0.000122301
0.000184588
0.000172384
0.000171540
0.000151935
0.000163004
0.000129637
0.000115940
0.000171086
0.000164140
0.000161251
0.000152779
0.000166963
0.000132948
0.000121328
0.000188191
0.000177285
0.000168034
0.000176831
0.000168392
0.000152227
0.000140835
0.000223667
0.000230386
0.000205945
0.000200460
0.000224252
0.000182608
0.000169365
0.000236683
0.000232918
0.000237267
0.000227725
0.000195072
0.000226361
0.000228374
0.000292089
0.000311920
0.000293257
0.000276022
0.000286571
0.000252944
0.000208088
0.000305526
0.000297704
0.000295140
0.000275210
0.000286279
0.000232236
0.000213508
0.000294815
0.000312277
0.000273977
0.000269530
0.000273490
0.000221265
0.000190008
0.000281410
0.000272127
0.000248952
0.000229704
0.000240545
0.000177837
0.000150994
0.000214384
0.000219123
0.000217955
0.000182089
0.000193319
0.000144762
0.000126034
0.000192670
0.000167613
0.000165568
0.000157616
0.000163133
0.000132785
0.000113246
0.000176701
0.000174494
0.000151449
0.000153915
0.000156674
0.000119056
0.000106040
0.000157129
0.000161381
0.000156837
0.000141354
0.000149209
0.000115128
0.000098347
0.000145931
0.000159758
0.000146288
0.000124638
0.000127462
0.000104157
0.000090752
0.000130740
0.000118828
0.000117205
0.000112337
0.000109123
0.000088870
0.000081664
0.000124768
0.000126164
0.000118569
0.000109870
0.000122464
0.000097341
0.000095718
0.000145931
0.000153656
0.000152000
0.000137881
0.000174169
0.000197441
0.000204939
0.000349864
0.000436202
0.000433930
0.000404622
0.000431386
0.000388136
0.000371981
0.000579130
0.000652218
0.000688416
0.000628739
0.000714697
0.000602066
0.000543927
0.000876365
0.000909609
0.000836250
0.000798184
0.000852857
0.000691128
0.000635129
0.000971546
0.000985199
0.000855870
0.000797219
0.000802765
0.000632085
0.000540340
0.000797671
0.000825068
0.000709483
0.000630367
0.000617075
0.000478464
0.000452514
0.000609480
0.000581451
0.000516410
0.000478404
0.000479639
0.000381596
0.000329786
0.000445070
0.000448053
0.000382048
0.000357424
0.000341118
0.000287862
0.000243346
0.000312486
0.000326742
0.000312305
0.000289550
0.000290454
0.000226076
0.000188673
0.000267458
0.000241809
0.000217366
0.000190180
0.000190873
0.000143042
0.000120769
0.000169806
0.000158805
0.000148256
0.000124838
0.000122577
0.000098194
0.000079176
0.000114018
0.000111606
0.000098918
0.000090539
0.000090057
0.000065463
0.000059887
0.000092830
0.000091292
0.000074083
0.000076494
0.000075108
0.000054221
0.000045330
0.000071822
0.000072305
0.000067964
0.000059797
0.000064046
0.000044395
0.000039995
0.000067362
0.000053829
0.000053769
0.000043552
0.000053015
0.000036830
0.000034480
0.000056150
0.000049579
0.000048766
0.000045571
0.000052171
0.000036740
0.000038820
0.000069110
0.000025830
0.000048826
0.000037463
0.000031978
0.000049037
0.000050936
0.000065825
0.000058531
0.000058742
0.000038639
0.000037795
0.000055969
0.000053920
0.000069471
0.000063474
0.000066849
0.000045330
0.000044817
0.000036258
0.000069743
0.000213339
0.000262117
0.000254353
0.000164730
0.000149540
0.000261779
0.000247602
0.000327351
0.000378576
0.000385411
0.000266505
0.000239669
0.000413429
0.000434780
0.000542040
0.000554783
0.000587020
0.000449464
0.000392500
0.000609975
0.000619933
0.000747109
0.000808714
0.000874708
0.000638752
0.000573687
0.000825002
0.000858589
0.001117246
0.001216405
0.001228388
0.001069228
0.001008551
0.000808124
0.001093195
0.000886100
0.001699203
0.001598356
0.001609749
0.001661987
0.001764690
0.001816590
0.002679567
0.002917380
0.003238233
0.002848602
0.003058396
0.003111225
0.003556385
0.005822776
0.007021206
0.006916393
0.006761536
0.005817544
0.006338824
0.007354802
0.011089588
0.011618041
0.011033384
0.009987364
0.008021655
0.007904521
0.009323717
0.012999683
0.010994817
0.013375136
0.006992513
0.010601220
0.010772195
0.010793040
0.013957853
0.013296484
0.012400763
0.010007786
0.008996113
0.009224727
0.008514918
0.012540852
0.011931805
0.011422846
0.009243883
0.008923030
0.007860301
0.007331594
0.010766035
0.009242111
0.008283519
0.006398066
0.005698891
0.005034063
0.004505440
0.006419586
0.005641590
0.005061912
0.003795716
0.003477311
0.003197388
0.002814086
0.004195052
0.003662886
0.003199160
0.002316351
0.002052968
0.002057778
0.001845958
0.002583362
0.002323693
0.002017018
0.001429997
0.001351008
0.001531266
0.001364848
0.001882837
0.001719119
0.001550085
0.001064502
0.000931165
0.001150411
0.001059354
0.001639032
0.001673970
0.001654476
0.001093701
0.000964415
0.001351092
0.001272609
0.001597850
0.001556245
0.001465610
0.000981884
0.000961630
0.001434723
0.001359362
0.001743508
0.001596922
0.001569326
0.001014543
0.001033446
0.001562575
0.001529916
0.001894145
0.001672367
0.001525865
0.000988888
0.000851753
0.000928549
0.000737742
0.001608571
0.001565595
0.001549130
0.001559175
0.001595731
0.001658798
0.001748375
0.001849982
0.001928683
0.001982933
0.002012732
0.002018081
0.001998980
0.001955428
0.001904007
0.001902595
0.001956163
0.002064712
0.002228242
0.002446753
0.002720245
0.003033295
0.003306275
0.003527854
0.003698033
0.003816811
0.003884188
0.003900164
0.003869549
0.003830972
0.003792831
0.003755125
0.003717854
0.003681020
0.003644621
0.003609375
0.003585158
0.003575121
0.003579262
0.003597583
0.003630081
0.003676759
0.003736664
0.003782346
0.003801178
0.003793159
0.003758288
0.003696567
0.003607994
0.003492799
0.003374513
0.003268852
0.003175815
0.003095403
0.003027616
0.002972453
0.002929914
0.002899979
0.002882624
0.002877851
0.002885658
0.002906047
0.002939017
0.002984568
0.003034969
0.003078643
0.003115477
0.003145471
0.003168626
0.003184941
0.003194417
0.003199348
0.003204726
0.003210722
0.003217336
0.003224569
0.003232421
0.003240892
0.003259832
0.003320141
0.003424065
0.003571603
0.003762754
0.003997519
0.004275898
0.004587048
0.004881091
0.005151820
0.005399232
0.005623329
0.005824110
0.006001576
0.006156340
0.006292723
0.006411560
0.006512852
0.006596598
0.006662799
0.006711454
0.006739359
0.006709220
0.006610351
0.006442753
0.006206424
0.005901366
0.005527579
0.005088731
0.004667880
0.004299448
0.003983436
0.003719843
0.003508670
0.003349916
0.003242943
0.003146511
0.003035907
0.002911130
0.002772181
0.002619060
0.002451766
0.002270315
0.002092530
0.001934212
0.001795358
0.001675971
0.001576050
0.001495594
0.001434605
0.001383431
0.001329141
0.001271668
0.001211011
0.001147171
0.001080147
0.001009939
0.000941059
0.000882336
0.000834002
0.000796055
0.000768495
0.000751324
0.000744541
0.000743858
0.000737168
0.000723740
0.000703574
0.000676671
0.000643030
0.000602650
0.000558574
0.000523303
0.000498187
0.000483228
0.000478425
0.000483778
0.000499287
0.000522751
0.000540550
0.000550343
0.000552130
0.000545912
0.000531687
0.000509456
0.000480605
0.000458944
0.000448021
0.000447835
0.000458388
0.000479679
0.000511708
0.000553823
0.000594118
0.000628147
0.000655912
0.000677410
0.000692644
0.000701612
0.000704430
0.000706288
0.000709980
0.000715505
0.000722864
0.000732057
0.000743084
0.000755948
0.000771621
0.000790871
0.000813697
0.000840101
0.000870081
0.000903638
0.000940771
0.000977217
0.001007873
0.001032731
0.001051791
0.001065052
0.001072514
0.001074178
0.001072843
0.001073437
0.001076054
0.001080693
0.001087355
0.001096039
0.001106746
0.001118604
0.001129403
0.001139033
0.001147494
0.001154786
0.001160909
0.001165863
0.001169650
0.001172273
0.001173734
0.001174032
0.001173168
0.001171141
0.001167952
0.001165378
0.001173164
0.001192788
0.001224251
0.001267552
0.001322691
0.001389669
0.001466783
0.001539387
0.001604111
0.001660954
0.001709918
0.001751000
0.001784203
0.001809650
0.001829210
0.001843512
0.001852557
0.001856344
0.001854873
0.001848145
0.001836263
0.001822667
0.001809023
0.001795333
0.001781596
0.001767811
0.001753980
0.001740044
0.001718075
0.001682477
0.001633250
0.001570395
0.001493912
0.001403800
0.001300060
0.001199877
0.001121516
0.001064982
0.001030274
0.001017393
0.001026338
0.001057109
0.001099608
0.001137869
0.001171692
0.001201078
0.001226027
0.001246538
0.001262611
0.001274623
0.001283431
0.001289071
0.001291541
0.001290843
0.001286975
0.001279938
0.001268349
0.001247634
0.001217431
0.001177740
0.001128561
0.001069893
0.001001738
0.000924094
0.000836963
0.000740343